NW: 39.541838 -119.807921
SW: 39.536965 -119.807750
NE: 39.541962 -119.803211
SE: 39.537113 -119.803361
C: 39.539596 -119.805389
