NW: 39.539045 -119.814623
SW: 39.537889 -119.813714
NE: 39.539155 -119.814138
SE: 39.537783 -119.814214
